00000000000000000000000000000000
00000000000000000000000000000000
01101111010101101101111101110111
10110111101010110110111110111011
01011011110101011011011111011101
00101101111010101101101111101110
10010110111101010110110111110111
11001011011110101011011011111011
01100101101111010101101101111101
10110010110111101010110110111110
11011001011011110101011011011111
11101100101101111010101101101111
11110110010110111101010110110111
01111011001011011110101011011011
10111101100101101111010101101101
11011110110010110111101010110110
11101111011001011011110101011011
01110111101100101101111010101101
10111011110110010110111101010110
11011101111011001011011110101011
01101110111101100101101111010101
10110111011110110010110111101010
11011011101111011001011011110101
01101101110111101100101101111010
10110110111011110110010110111101
01011011011101111011001011011110
10101101101110111101100101101111
11010110110111011110110010110111
01101011011011101111011001011011
10110101101101110111101100101101
01011010110110111011110110010110
00101101011011011101111011001011
10010110101101101110111101100101
01001011010110110111011110110010
10100101101011011011101111011001
11010010110101101101110111101100
01101001011010110110111011110110
10110100101101011011011101111011
01011010010110101101101110111101
00101101001011010110110111011110
10010110100101101011011011101111
01001011010010110101101101110111
10100101101001011010110110111011
01010010110100101101011011011101
00101001011010010110101101101110
10010100101101001011010110110111
11001010010110100101101011011011
11100101001011010010110101101101
01110010100101101001011010110110
00111001010010110100101101011011
00011100101001011010010110101101
10001110010100101101001011010110
11000111001010010110100101101011
01100011100101001011010010110101
00110001110010100101101001011010
10011000111001010010110100101101
01001100011100101001011010010110
10100110001110010100101101001011
01010011000111001010010110100101
00101001100011100101001011010010
10010100110001110010100101101001
01001010011000111001010010110100
00100101001100011100101001011010
00010010100110001110010100101101
00001001010011000111001010010110
00000100101001100011100101001011
10000010010100110001110010100101
11000001001010011000111001010010
11100000100101001100011100101001
01110000010010100110001110010100
10111000001001010011000111001010
11011100000100101001100011100101
11101110000010010100110001110010
01110111000001001010011000111001
10111011100000100101001100011100
01011101110000010010100110001110
00101110111000001001010011000111
00010111011100000100101001100011
10001011101110000010010100110001
11000101110111000001001010011000
11100010111011100000100101001100
11110001011101110000010010100110
01111000101110111000001001010011
10111100010111011100000100101001
01011110001011101110000010010100
00101111000101110111000001001010
10010111100010111011100000100101
11001011110001011101110000010010
01100101111000101110111000001001
00110010111100010111011100000100
00011001011110001011101110000010
00001100101111000101110111000001
00000110010111100010111011100000
00000011001011110001011101110000
10000001100101111000101110111000
11000000110010111100010111011100
01100000011001011110001011101110
10110000001100101111000101110111
11011000000110010111100010111011
11101100000011001011110001011101
11110110000001100101111000101110
11111011000000110010111100010111
01111101100000011001011110001011
00111110110000001100101111000101
00011111011000000110010111100010
00001111101100000011001011110001
00000111110110000001100101111000
00000011111011000000110010111100
00000001111101100000011001011110
10000000111110110000001100101111
11000000011111011000000110010111
11100000001111101100000011001011
01110000000111110110000001100101
00111000000011111011000000110010
10011100000001111101100000011001
01001110000000111110110000001100
10100111000000011111011000000110
11010011100000001111101100000011
11101001110000000111110110000001
01110100111000000011111011000000
10111010011100000001111101100000
01011101001110000000111110110000
10101110100111000000011111011000
11010111010011100000001111101100
01101011101001110000000111110110
10110101110100111000000011111011
11011010111010011100000001111101
01101101011101001110000000111110
10110110101110100111000000011111
11011011010111010011100000001111
01101101101011101001110000000111
00110110110101110100111000000011
00011011011010111010011100000001
00001101101101011101001110000000
10000110110110101110100111000000
11000011011011010111010011100000
01100001101101101011101001110000
10110000110110110101110100111000
11011000011011011010111010011100
11101100001101101101011101001110
01110110000110110110101110100111
10111011000011011011010111010011
11011101100001101101101011101001
01101110110000110110110101110100
10110111011000011011011010111010
11011011101100001101101101011101
01101101110110000110110110101110
00110110111011000011011011010111
00011011011101100001101101101011
10001101101110110000110110110101
01000110110111011000011011011010
10100011011011101100001101101101
01010001101101110110000110110110
10101000110110111011000011011011
11010100011011011101100001101101
01101010001101101110110000110110
10110101000110110111011000011011
11011010100011011011101100001101
11101101010001101101110110000110
11110110101000110110111011000011
01111011010100011011011101100001
10111101101010001101101110110000
01011110110101000110110111011000
00101111011010100011011011101100
00010111101101010001101101110110
10001011110110101000110110111011
11000101111011010100011011011101
01100010111101101010001101101110
10110001011110110101000110110111
11011000101111011010100011011011
01101100010111101101010001101101
00110110001011110110101000110110
10011011000101111011010100011011
11001101100010111101101010001101
11100110110001011110110101000110
11110011011000101111011010100011
01111001101100010111101101010001
00111100110110001011110110101000
00011110011011000101111011010100
00001111001101100010111101101010
00000111100110110001011110110101
00000011110011011000101111011010
10000001111001101100010111101101
01000000111100110110001011110110
10100000011110011011000101111011
01010000001111001101100010111101
10101000000111100110110001011110
11010100000011110011011000101111
01101010000001111001101100010111
10110101000000111100110110001011
11011010100000011110011011000101
11101101010000001111001101100010
01110110101000000111100110110001
00111011010100000011110011011000
00011101101010000001111001101100
00001110110101000000111100110110
00000111011010100000011110011011
10000011101101010000001111001101
01000001110110101000000111100110
00100000111011010100000011110011
10010000011101101010000001111001
11001000001110110101000000111100
11100100000111011010100000011110
11110010000011101101010000001111
01111001000001110110101000000111
10111100100000111011010100000011
11011110010000011101101010000001
01101111001000001110110101000000
10110111100100000111011010100000
11011011110010000011101101010000
11101101111001000001110110101000
01110110111100100000111011010100
00111011011110010000011101101010
00011101101111001000001110110101
10001110110111100100000111011010
01000111011011110010000011101101
10100011101101111001000001110110
01010001110110111100100000111011
00101000111011011110010000011101
10010100011101101111001000001110
01001010001110110111100100000111
00100101000111011011110010000011
00010010100011101101111001000001
10001001010001110110111100100000
11000100101000111011011110010000
01100010010100011101101111001000
00110001001010001110110111100100
00011000100101000111011011110010
10001100010010100011101101111001
01000110001001010001110110111100
00100011000100101000111011011110
00010001100010010100011101101111
10001000110001001010001110110111
01000100011000100101000111011011
10100010001100010010100011101101
01010001000110001001010001110110
00101000100011000100101000111011
00010100010001100010010100011101
00001010001000110001001010001110
10000101000100011000100101000111
01000010100010001100010010100011
00100001010001000110001001010001
10010000101000100011000100101000
01001000010100010001100010010100
10100100001010001000110001001010
11010010000101000100011000100101
11101001000010100010001100010010
01110100100001010001000110001001
10111010010000101000100011000100
01011101001000010100010001100010
00101110100100001010001000110001
10010111010010000101000100011000
11001011101001000010100010001100
11100101110100100001010001000110
11110010111010010000101000100011
01111001011101001000010100010001
00111100101110100100001010001000
10011110010111010010000101000100
01001111001011101001000010100010
00100111100101110100100001010001
10010011110010111010010000101000
11001001111001011101001000010100
11100100111100101110100100001010
11110010011110010111010010000101
01111001001111001011101001000010
00111100100111100101110100100001
10011110010011110010111010010000
11001111001001111001011101001000
01100111100100111100101110100100
10110011110010011110010111010010
01011001111001001111001011101001
00101100111100100111100101110100
00010110011110010011110010111010
00001011001111001001111001011101
10000101100111100100111100101110
11000010110011110010011110010111
01100001011001111001001111001011
10110000101100111100100111100101
01011000010110011110010011110010
10101100001011001111001001111001
11010110000101100111100100111100
01101011000010110011110010011110
00110101100001011001111001001111
10011010110000101100111100100111
01001101011000010110011110010011
10100110101100001011001111001001
11010011010110000101100111100100
01101001101011000010110011110010
00110100110101100001011001111001
10011010011010110000101100111100
11001101001101011000010110011110
01100110100110101100001011001111
10110011010011010110000101100111
01011001101001101011000010110011
10101100110100110101100001011001
01010110011010011010110000101100
00101011001101001101011000010110
10010101100110100110101100001011
11001010110011010011010110000101
11100101011001101001101011000010
11110010101100110100110101100001
11111001010110011010011010110000
11111100101011001101001101011000
01111110010101100110100110101100
10111111001010110011010011010110
01011111100101011001101001101011
00101111110010101100110100110101
00010111111001010110011010011010
00001011111100101011001101001101
10000101111110010101100110100110
01000010111111001010110011010011
10100001011111100101011001101001
11010000101111110010101100110100
11101000010111111001010110011010
01110100001011111100101011001101
10111010000101111110010101100110
11011101000010111111001010110011
11101110100001011111100101011001
01110111010000101111110010101100
10111011101000010111111001010110
01011101110100001011111100101011
00101110111010000101111110010101
10010111011101000010111111001010
11001011101110100001011111100101
01100101110111010000101111110010
10110010111011101000010111111001
11011001011101110100001011111100
11101100101110111010000101111110
01110110010111011101000010111111
10111011001011101110100001011111
11011101100101110111010000101111
01101110110010111011101000010111
10110111011001011101110100001011
01011011101100101110111010000101
10101101110110010111011101000010
01010110111011001011101110100001
00101011011101100101110111010000
10010101101110110010111011101000
01001010110111011001011101110100
10100101011011101100101110111010
11010010101101110110010111011101
01101001010110111011001011101110
00110100101011011101100101110111
00011010010101101110110010111011
00001101001010110111011001011101
10000110100101011011101100101110
11000011010010101101110110010111
01100001101001010110111011001011
10110000110100101011011101100101
11011000011010010101101110110010
11101100001101001010110111011001
11110110000110100101011011101100
01111011000011010010101101110110
00111101100001101001010110111011
00011110110000110100101011011101
00001111011000011010010101101110
10000111101100001101001010110111
11000011110110000110100101011011
11100001111011000011010010101101
01110000111101100001101001010110
10111000011110110000110100101011
01011100001111011000011010010101
10101110000111101100001101001010
01010111000011110110000110100101
00101011100001111011000011010010
10010101110000111101100001101001
01001010111000011110110000110100
00100101011100001111011000011010
00010010101110000111101100001101
10001001010111000011110110000110
11000100101011100001111011000011
01100010010101110000111101100001
10110001001010111000011110110000
01011000100101011100001111011000
00101100010010101110000111101100
10010110001001010111000011110110
01001011000100101011100001111011
00100101100010010101110000111101
00010010110001001010111000011110
00001001011000100101011100001111
00000100101100010010101110000111
00000010010110001001010111000011
00000001001011000100101011100001
00000000100101100010010101110000
00000000010010110001001010111000
00000000001001011000100101011100
00000000000100101100010010101110
00000000000010010110001001010111
10000000000001001011000100101011
11000000000000100101100010010101
11100000000000010010110001001010
01110000000000001001011000100101
00111000000000000100101100010010
10011100000000000010010110001001
01001110000000000001001011000100
10100111000000000000100101100010
01010011100000000000010010110001
10101001110000000000001001011000
11010100111000000000000100101100
11101010011100000000000010010110
01110101001110000000000001001011
10111010100111000000000000100101
11011101010011100000000000010010
01101110101001110000000000001001
00110111010100111000000000000100
10011011101010011100000000000010
11001101110101001110000000000001
01100110111010100111000000000000
10110011011101010011100000000000
01011001101110101001110000000000
10101100110111010100111000000000
11010110011011101010011100000000
01101011001101110101001110000000
10110101100110111010100111000000
11011010110011011101010011100000
11101101011001101110101001110000
01110110101100110111010100111000
10111011010110011011101010011100
01011101101011001101110101001110
10101110110101100110111010100111
01010111011010110011011101010011
10101011101101011001101110101001
11010101110110101100110111010100
01101010111011010110011011101010
00110101011101101011001101110101
10011010101110110101100110111010
11001101010111011010110011011101
11100110101011101101011001101110
01110011010101110110101100110111
10111001101010111011010110011011
01011100110101011101101011001101
00101110011010101110110101100110
10010111001101010111011010110011
01001011100110101011101101011001
10100101110011010101110110101100
01010010111001101010111011010110
10101001011100110101011101101011
01010100101110011010101110110101
10101010010111001101010111011010
01010101001011100110101011101101
10101010100101110011010101110110
11010101010010111001101010111011
11101010101001011100110101011101
01110101010100101110011010101110
00111010101010010111001101010111
00011101010101001011100110101011
00001110101010100101110011010101
10000111010101010010111001101010
01000011101010101001011100110101
10100001110101010100101110011010
01010000111010101010010111001101
10101000011101010101001011100110
01010100001110101010100101110011
10101010000111010101010010111001
01010101000011101010101001011100
10101010100001110101010100101110
11010101010000111010101010010111
01101010101000011101010101001011
10110101010100001110101010100101
11011010101010000111010101010010
11101101010101000011101010101001
01110110101010100001110101010100
00111011010101010000111010101010
10011101101010101000011101010101
01001110110101010100001110101010
10100111011010101010000111010101
01010011101101010101000011101010
00101001110110101010100001110101
00010100111011010101010000111010
00001010011101101010101000011101
10000101001110110101010100001110
01000010100111011010101010000111
10100001010011101101010101000011
11010000101001110110101010100001
11101000010100111011010101010000
11110100001010011101101010101000
01111010000101001110110101010100
10111101000010100111011010101010
01011110100001010011101101010101
00101111010000101001110110101010
10010111101000010100111011010101
01001011110100001010011101101010
10100101111010000101001110110101
01010010111101000010100111011010
00101001011110100001010011101101
10010100101111010000101001110110
01001010010111101000010100111011
00100101001011110100001010011101
10010010100101111010000101001110
11001001010010111101000010100111
01100100101001011110100001010011
10110010010100101111010000101001
01011001001010010111101000010100
00101100100101001011110100001010
10010110010010100101111010000101
11001011001001010010111101000010
11100101100100101001011110100001
01110010110010010100101111010000
00111001011001001010010111101000