0000000000000000000000000000000000000000000000000000000000000000
XXXXXXXXXXXXXXXXXXXXXXXXXXXXXXXXXXXXXXXXXXXXXXXXXXXXXXXXXXXXXXXX
XXXXXXXXXXXXXXXXXXXXXXXXXXXXXXXXXXXXXXXXXXXXXXXXXXXXXXXXXXXXXXXX
0000000000000000000000000000000000000000000000000000000000000000
0000000000000000000000000000000000000000000000000000000000000000
0000000000000000000100000000000100010001000000000001000100000000
0000000000000000000100000001001000010001001000010000000000000000
0000000000000001001000100011001000100010000100010000000000000000
0000000000000000000100010001001000010011001100100011000100010001
0000000000000000000100100011001000100010001000010000000000000000
0000000000000000000000010000000000100001000000010001000000000000
0000000000000000000000010010001000010001000100000001000100000000
0000000000000000000000010001000000000001000100010000000000000000
0000000000000000000000000000000100100010000100000001000100000000
0000000000000000000100100011001100110010000100100001000100010000
0000000000000001000100100010001000110010001000010000000000000000
0000000000000001001000100011001000100011000100010001000000000000
0000000000000000000000010001000100110010001000110001000100010000
0000000000000000000100000001000100010001001000000001000000000000
0000000000000001001000100010001100100001001000100000000000010000
0000000000000001001000100001000100110011001100100010001000100001
0000000000000000000100100011001100100001000100010001000000000000
0000000000000000000100010001000100010010000100000001000100000000
0000000000000000000100000001000000100001001000010001000100010001
0000000000000000000000010000001000000011000100100001000100010000
0000000000000000000100010001001000100011001100100010001000010001
